Site,yr,mon,avg_ppt,date
NWR,1997,4,4.19,1997.3333333333333
NWR,1997,5,4.20,1997.4166666666667
NWR,1997,6,4.15,1997.5
NWR,1997,7,4.10,1997.5833333333333
NWR,1997,8,4.12,1997.6666666666667
NWR,1997,9,4.17,1997.75
NWR,1997,10,4.22,1997.8333333333333
NWR,1997,11,4.26,1997.9166666666667
NWR,1997,12,4.27,1998.0
NWR,1998,1,4.26,1998.0833333333333
NWR,1998,2,4.26,1998.1666666666667
NWR,1998,3,4.30,1998.25
NWR,1998,4,4.33,1998.3333333333333
NWR,1998,5,4.32,1998.4166666666667
NWR,1998,6,4.33,1998.5
NWR,1998,7,4.35,1998.5833333333333
NWR,1998,8,4.37,1998.6666666666667
NWR,1998,9,4.39,1998.75
NWR,1998,10,4.42,1998.8333333333333
NWR,1998,11,4.43,1998.9166666666667
NWR,1998,12,4.44,1999.0
NWR,1999,1,4.46,1999.0833333333333
NWR,1999,2,4.48,1999.1666666666667
NWR,1999,3,4.49,1999.25
NWR,1999,4,4.48,1999.3333333333333
NWR,1999,5,4.49,1999.4166666666667
NWR,1999,6,4.51,1999.5
NWR,1999,7,4.51,1999.5833333333333
NWR,1999,8,4.49,1999.6666666666667
NWR,1999,9,4.52,1999.75
NWR,1999,10,4.58,1999.8333333333333
NWR,1999,11,4.63,1999.9166666666667
NWR,1999,12,4.64,2000.0
NWR,2000,1,4.62,2000.0833333333333
NWR,2000,2,4.63,2000.1666666666667
NWR,2000,3,4.66,2000.25
NWR,2000,4,4.68,2000.3333333333333
NWR,2000,5,4.68,2000.4166666666667
NWR,2000,6,4.68,2000.5
NWR,2000,7,4.70,2000.5833333333333
NWR,2000,8,4.73,2000.6666666666667
NWR,2000,9,4.74,2000.75
NWR,2000,10,4.77,2000.8333333333333
NWR,2000,11,4.80,2000.9166666666667
NWR,2000,12,4.82,2001.0
NWR,2001,1,4.82,2001.0833333333333
NWR,2001,2,4.83,2001.1666666666667
NWR,2001,3,4.84,2001.25
NWR,2001,4,4.86,2001.3333333333333
NWR,2001,5,4.87,2001.4166666666667
NWR,2001,6,4.88,2001.5
NWR,2001,7,4.89,2001.5833333333333
NWR,2001,8,4.91,2001.6666666666667
NWR,2001,9,4.93,2001.75
NWR,2001,10,4.98,2001.8333333333333
NWR,2001,11,5.02,2001.9166666666667
NWR,2001,12,5.03,2002.0
NWR,2002,1,5.03,2002.0833333333333
NWR,2002,2,5.06,2002.1666666666667
NWR,2002,3,5.10,2002.25
NWR,2002,4,5.12,2002.3333333333333
NWR,2002,5,5.10,2002.4166666666667
NWR,2002,6,5.09,2002.5
NWR,2002,7,5.09,2002.5833333333333
NWR,2002,8,5.11,2002.6666666666667
NWR,2002,9,5.14,2002.75
NWR,2002,10,5.19,2002.8333333333333
NWR,2002,11,5.23,2002.9166666666667
NWR,2002,12,5.22,2003.0
NWR,2003,1,5.22,2003.0833333333333
NWR,2003,2,5.26,2003.1666666666667
NWR,2003,3,5.27,2003.25
NWR,2003,4,5.28,2003.3333333333333
NWR,2003,5,5.34,2003.4166666666667
NWR,2003,6,5.39,2003.5
NWR,2003,7,5.40,2003.5833333333333
NWR,2003,8,5.41,2003.6666666666667
NWR,2003,9,5.43,2003.75
NWR,2003,10,5.46,2003.8333333333333
NWR,2003,11,5.49,2003.9166666666667
NWR,2003,12,5.50,2004.0
NWR,2004,1,5.50,2004.0833333333333
NWR,2004,2,5.52,2004.1666666666667
NWR,2004,3,5.54,2004.25
NWR,2004,4,5.55,2004.3333333333333
NWR,2004,5,5.56,2004.4166666666667
NWR,2004,6,5.57,2004.5
NWR,2004,7,5.59,2004.5833333333333
NWR,2004,8,5.62,2004.6666666666667
NWR,2004,9,5.64,2004.75
NWR,2004,10,5.66,2004.8333333333333
NWR,2004,11,5.70,2004.9166666666667
NWR,2004,12,5.71,2005.0
NWR,2005,1,5.72,2005.0833333333333
NWR,2005,2,5.74,2005.1666666666667
NWR,2005,3,5.79,2005.25
NWR,2005,4,5.82,2005.3333333333333
NWR,2005,5,5.85,2005.4166666666667
NWR,2005,6,5.84,2005.5
NWR,2005,7,5.80,2005.5833333333333
NWR,2005,8,5.82,2005.6666666666667
NWR,2005,9,5.86,2005.75
NWR,2005,10,5.87,2005.8333333333333
NWR,2005,11,5.90,2005.9166666666667
NWR,2005,12,5.96,2006.0
NWR,2006,1,5.97,2006.0833333333333
NWR,2006,2,5.97,2006.1666666666667
NWR,2006,3,6.01,2006.25
NWR,2006,4,6.06,2006.3333333333333
NWR,2006,5,6.06,2006.4166666666667
NWR,2006,6,6.06,2006.5
NWR,2006,7,6.06,2006.5833333333333
NWR,2006,8,6.07,2006.6666666666667
NWR,2006,9,6.09,2006.75
NWR,2006,10,6.13,2006.8333333333333
NWR,2006,11,6.16,2006.9166666666667
NWR,2006,12,6.19,2007.0
NWR,2007,1,6.21,2007.0833333333333
NWR,2007,2,6.22,2007.1666666666667
NWR,2007,3,6.26,2007.25
NWR,2007,4,6.34,2007.3333333333333
NWR,2007,5,6.39,2007.4166666666667
NWR,2007,6,6.37,2007.5
NWR,2007,7,6.33,2007.5833333333333
NWR,2007,8,6.36,2007.6666666666667
NWR,2007,9,6.42,2007.75
NWR,2007,10,6.46,2007.8333333333333
NWR,2007,11,6.47,2007.9166666666667
NWR,2007,12,6.49,2008.0
NWR,2008,1,6.53,2008.0833333333333
NWR,2008,2,6.55,2008.1666666666667
NWR,2008,3,6.56,2008.25
NWR,2008,4,6.60,2008.3333333333333
NWR,2008,5,6.64,2008.4166666666667
NWR,2008,6,6.65,2008.5
NWR,2008,7,6.65,2008.5833333333333
NWR,2008,8,6.69,2008.6666666666667
NWR,2008,9,6.73,2008.75
NWR,2008,10,6.75,2008.8333333333333
NWR,2008,11,6.77,2008.9166666666667
NWR,2008,12,6.80,2009.0
NWR,2009,1,6.81,2009.0833333333333
NWR,2009,2,6.82,2009.1666666666667
NWR,2009,3,6.85,2009.25
NWR,2009,4,6.87,2009.3333333333333
NWR,2009,5,6.90,2009.4166666666667
NWR,2009,6,6.91,2009.5
NWR,2009,7,6.89,2009.5833333333333
NWR,2009,8,6.93,2009.6666666666667
NWR,2009,9,7.00,2009.75
NWR,2009,10,7.02,2009.8333333333333
NWR,2009,11,7.03,2009.9166666666667
NWR,2009,12,7.08,2010.0
NWR,2010,1,7.12,2010.0833333333333
NWR,2010,2,7.14,2010.1666666666667
NWR,2010,3,7.17,2010.25
NWR,2010,4,7.21,2010.3333333333333
NWR,2010,5,7.23,2010.4166666666667
NWR,2010,6,7.24,2010.5
NWR,2010,7,7.23,2010.5833333333333
NWR,2010,8,7.25,2010.6666666666667
NWR,2010,9,7.29,2010.75
NWR,2010,10,7.31,2010.8333333333333
NWR,2010,11,7.33,2010.9166666666667
NWR,2010,12,7.36,2011.0
NWR,2011,1,7.39,2011.0833333333333
NWR,2011,2,7.41,2011.1666666666667
NWR,2011,3,7.43,2011.25
NWR,2011,4,7.47,2011.3333333333333
NWR,2011,5,7.51,2011.4166666666667
NWR,2011,6,7.50,2011.5
NWR,2011,7,7.47,2011.5833333333333
NWR,2011,8,7.49,2011.6666666666667
NWR,2011,9,7.55,2011.75
NWR,2011,10,7.59,2011.8333333333333
NWR,2011,11,7.60,2011.9166666666667
NWR,2011,12,7.62,2012.0
NWR,2012,1,7.65,2012.0833333333333
NWR,2012,2,7.66,2012.1666666666667
NWR,2012,3,7.69,2012.25
NWR,2012,4,7.74,2012.3333333333333
NWR,2012,5,7.77,2012.4166666666667
NWR,2012,6,7.76,2012.5
NWR,2012,7,7.76,2012.5833333333333
NWR,2012,8,7.81,2012.6666666666667
NWR,2012,9,7.87,2012.75
NWR,2012,10,7.90,2012.8333333333333
NWR,2012,11,7.93,2012.9166666666667
NWR,2012,12,7.97,2013.0
NWR,2013,1,7.99,2013.0833333333333
NWR,2013,2,8.00,2013.1666666666667
NWR,2013,3,8.02,2013.25
NWR,2013,4,8.07,2013.3333333333333
NWR,2013,5,8.13,2013.4166666666667
NWR,2013,6,8.17,2013.5
NWR,2013,7,8.13,2013.5833333333333
NWR,2013,8,8.10,2013.6666666666667
NWR,2013,9,8.16,2013.75
NWR,2013,10,8.24,2013.8333333333333
NWR,2013,11,8.25,2013.9166666666667
NWR,2013,12,8.28,2014.0
NWR,2014,1,8.31,2014.0833333333333
NWR,2014,2,8.32,2014.1666666666667
NWR,2014,3,8.35,2014.25
NWR,2014,4,8.40,2014.3333333333333
NWR,2014,5,8.40,2014.4166666666667
NWR,2014,6,8.38,2014.5
NWR,2014,7,8.41,2014.5833333333333
NWR,2014,8,8.47,2014.6666666666667
NWR,2014,9,8.52,2014.75
NWR,2014,10,8.58,2014.8333333333333
NWR,2014,11,8.63,2014.9166666666667
NWR,2014,12,8.64,2015.0
NWR,2015,1,8.62,2015.0833333333333
NWR,2015,2,8.63,2015.1666666666667
NWR,2015,3,8.67,2015.25
NWR,2015,4,8.71,2015.3333333333333
NWR,2015,5,8.74,2015.4166666666667
NWR,2015,6,8.73,2015.5
NWR,2015,7,8.73,2015.5833333333333
NWR,2015,8,8.76,2015.6666666666667
NWR,2015,9,8.81,2015.75
NWR,2015,10,8.86,2015.8333333333333
NWR,2015,11,8.93,2015.9166666666667
NWR,2015,12,8.97,2016.0
NWR,2016,1,8.97,2016.0833333333333
NWR,2016,2,8.97,2016.1666666666667
NWR,2016,3,9.01,2016.25
NWR,2016,4,9.10,2016.3333333333333
NWR,2016,5,9.15,2016.4166666666667
NWR,2016,6,9.12,2016.5
NWR,2016,7,9.10,2016.5833333333333
NWR,2016,8,9.11,2016.6666666666667
NWR,2016,9,9.14,2016.75
NWR,2016,10,9.18,2016.8333333333333
NWR,2016,11,9.28,2016.9166666666667
NWR,2016,12,9.34,2017.0
NWR,2017,1,9.32,2017.0833333333333
NWR,2017,2,9.33,2017.1666666666667
NWR,2017,3,9.39,2017.25
NWR,2017,4,9.47,2017.3333333333333
NWR,2017,5,9.51,2017.4166666666667
NWR,2017,6,9.46,2017.5
NWR,2017,7,9.41,2017.5833333333333
NWR,2017,8,9.49,2017.6666666666667
NWR,2017,9,9.60,2017.75
NWR,2017,10,9.60,2017.8333333333333
NWR,2017,11,9.58,2017.9166666666667
NWR,2017,12,9.59,2018.0
NWR,2018,1,9.62,2018.0833333333333
NWR,2018,2,9.67,2018.1666666666667
NWR,2018,3,9.72,2018.25
NWR,2018,4,9.76,2018.3333333333333
NWR,2018,5,9.81,2018.4166666666667
NWR,2018,6,9.86,2018.5
NWR,2018,7,9.85,2018.5833333333333
NWR,2018,8,9.81,2018.6666666666667
NWR,2018,9,9.83,2018.75
NWR,2018,10,9.92,2018.8333333333333
NWR,2018,11,9.99,2018.9166666666667
NWR,2018,12,9.99,2019.0
