yr,mon,avg_ppt,sd,N,date
1990.0,2.0,480.084,6.829,244.0,1990.1666666666667
1990.0,3.0,484.834,14.844,107.0,1990.25
1990.0,4.0,480.597,7.807,275.0,1990.3333333333333
1990.0,5.0,483.637,7.859,301.0,1990.4166666666667
1990.0,6.0,484.407,9.593,310.0,1990.5
1990.0,7.0,486.829,13.37,494.0,1990.5833333333333
1990.0,8.0,485.704,10.026,316.0,1990.6666666666667
1990.0,9.0,489.186,7.113,367.0,1990.75
1990.0,10.0,490.912,7.05,505.0,1990.8333333333333
1990.0,11.0,489.9,4.794,364.0,1990.9166666666667
1990.0,12.0,493.972,19.057,595.0,1991.0
1991.0,1.0,491.759,8.388,665.0,1991.0833333333333
1991.0,2.0,490.184,6.546,639.0,1991.1666666666667
1991.0,3.0,493.177,5.853,635.0,1991.25
1991.0,4.0,494.643,7.458,633.0,1991.3333333333333
1991.0,5.0,495.31,9.582,551.0,1991.4166666666667
1991.0,6.0,494.784,9.669,492.0,1991.5
1991.0,7.0,496.075,11.003,681.0,1991.5833333333333
1991.0,8.0,495.995,8.01,492.0,1991.6666666666667
1991.0,9.0,499.288,6.0,274.0,1991.75
1991.0,10.0,499.212,5.158,257.0,1991.8333333333333
1991.0,11.0,501.822,6.019,467.0,1991.9166666666667
1991.0,12.0,499.717,5.138,205.0,1992.0
1992.0,1.0,501.243,3.699,174.0,1992.0833333333333
1992.0,2.0,500.723,5.493,363.0,1992.1666666666667
1992.0,3.0,501.673,6.016,283.0,1992.25
1992.0,4.0,502.543,3.768,473.0,1992.3333333333333
1992.0,5.0,504.322,7.467,668.0,1992.4166666666667
1992.0,6.0,506.95,7.655,481.0,1992.5
1992.0,7.0,507.133,7.78,592.0,1992.5833333333333
1992.0,8.0,508.754,5.887,731.0,1992.6666666666667
1992.0,9.0,510.279,5.231,129.0,1992.75
1992.0,10.0,507.567,3.628,119.0,1992.8333333333333
1992.0,11.0,506.624,4.478,581.0,1992.9166666666667
1992.0,12.0,507.37,3.655,628.0,1993.0
1993.0,1.0,507.504,3.73,619.0,1993.0833333333333
1993.0,2.0,508.161,4.097,662.0,1993.1666666666667
1993.0,3.0,507.438,4.234,709.0,1993.25
1993.0,4.0,509.749,3.749,534.0,1993.3333333333333
1993.0,5.0,510.363,4.17,708.0,1993.4166666666667
1993.0,6.0,511.829,7.321,424.0,1993.5
1993.0,7.0,512.9,7.192,635.0,1993.5833333333333
1993.0,8.0,514.838,4.938,599.0,1993.6666666666667
1993.0,9.0,515.221,5.509,639.0,1993.75
1993.0,10.0,515.899,5.946,308.0,1993.8333333333333
1993.0,11.0,517.128,4.303,230.0,1993.9166666666667
1993.0,12.0,516.662,5.476,512.0,1994.0
1994.0,1.0,516.039,6.679,599.0,1994.0833333333333
1994.0,2.0,517.13,6.197,189.0,1994.1666666666667
1994.0,3.0,516.188,3.301,485.0,1994.25
1994.0,4.0,517.714,3.973,603.0,1994.3333333333333
1994.0,5.0,517.95,5.733,351.0,1994.4166666666667
1994.0,6.0,519.053,5.748,546.0,1994.5
1994.0,7.0,523.223,6.639,637.0,1994.5833333333333
1994.0,8.0,523.043,4.574,524.0,1994.6666666666667
1994.0,9.0,521.325,4.243,584.0,1994.75
1994.0,10.0,523.602,5.695,485.0,1994.8333333333333
1994.0,11.0,522.031,3.473,577.0,1994.9166666666667
1994.0,12.0,521.584,2.432,511.0,1995.0
1995.0,1.0,521.87,4.327,680.0,1995.0833333333333
1995.0,2.0,520.846,3.567,531.0,1995.1666666666667
1995.0,3.0,521.439,3.208,543.0,1995.25
1995.0,4.0,523.337,2.421,46.0,1995.3333333333333
1995.0,5.0,525.02,4.402,354.0,1995.4166666666667
1995.0,6.0,525.1,4.555,625.0,1995.5
1995.0,7.0,525.717,4.649,631.0,1995.5833333333333
1995.0,8.0,528.577,5.667,633.0,1995.6666666666667
1995.0,9.0,528.746,4.148,609.0,1995.75
1995.0,10.0,527.946,2.101,546.0,1995.8333333333333
1995.0,11.0,527.47,2.266,655.0,1995.9166666666667
1995.0,12.0,527.86,2.275,633.0,1996.0
1996.0,1.0,527.942,2.122,676.0,1996.0833333333333
1996.0,2.0,527.344,3.542,500.0,1996.1666666666667
1996.0,3.0,527.956,3.115,536.0,1996.25
1996.0,4.0,527.54,1.74,694.0,1996.3333333333333
1996.0,5.0,528.871,4.082,570.0,1996.4166666666667
1996.0,6.0,529.241,4.728,604.0,1996.5
1996.0,7.0,530.252,5.963,499.0,1996.5833333333333
1996.0,8.0,531.531,3.69,701.0,1996.6666666666667
1996.0,9.0,531.401,3.007,595.0,1996.75
1996.0,10.0,531.195,3.795,546.0,1996.8333333333333
1996.0,11.0,530.672,2.997,530.0,1996.9166666666667
1996.0,12.0,530.644,1.435,109.0,1997.0
1997.0,1.0,530.594,4.944,509.0,1997.0833333333333
1997.0,2.0,530.605,2.542,554.0,1997.1666666666667
1997.0,3.0,529.652,1.591,281.0,1997.25
1997.0,5.0,529.524,4.65,109.0,1997.4166666666667
1997.0,6.0,532.372,5.132,655.0,1997.5
1997.0,7.0,533.186,4.237,500.0,1997.5833333333333
1997.0,9.0,534.017,3.623,214.0,1997.75
1997.0,10.0,533.595,4.233,211.0,1997.8333333333333
1998.0,5.0,534.876,4.98,351.0,1998.4166666666667
1998.0,6.0,535.169,4.533,614.0,1998.5
1998.0,7.0,536.785,4.41,584.0,1998.5833333333333
1998.0,8.0,535.648,4.071,517.0,1998.6666666666667
1998.0,9.0,536.878,4.092,644.0,1998.75
1998.0,10.0,536.803,3.606,727.0,1998.8333333333333
1998.0,11.0,536.072,4.857,376.0,1998.9166666666667
1998.0,12.0,535.976,5.496,628.0,1999.0
1999.0,1.0,535.611,2.256,710.0,1999.0833333333333
1999.0,2.0,535.289,1.885,659.0,1999.1666666666667
1999.0,3.0,535.799,4.161,571.0,1999.25
1999.0,4.0,535.944,2.931,582.0,1999.3333333333333
1999.0,5.0,536.106,3.787,518.0,1999.4166666666667
1999.0,6.0,535.988,4.439,623.0,1999.5
1999.0,7.0,537.063,3.875,594.0,1999.5833333333333
1999.0,8.0,537.132,3.891,703.0,1999.6666666666667
1999.0,9.0,537.314,4.196,527.0,1999.75
1999.0,10.0,536.815,2.154,659.0,1999.8333333333333
1999.0,11.0,536.479,1.95,594.0,1999.9166666666667
1999.0,12.0,536.795,1.786,403.0,2000.0
2000.0,1.0,536.671,1.824,704.0,2000.0833333333333
2000.0,2.0,537.02,1.959,684.0,2000.1666666666667
2000.0,3.0,537.347,2.373,700.0,2000.25
2000.0,4.0,537.242,2.77,689.0,2000.3333333333333
2000.0,5.0,538.73,3.772,203.0,2000.4166666666667
2000.0,7.0,539.916,2.915,329.0,2000.5833333333333
2000.0,8.0,540.69,3.15,647.0,2000.6666666666667
2000.0,9.0,539.049,3.245,692.0,2000.75
2000.0,10.0,539.892,3.459,689.0,2000.8333333333333
2000.0,11.0,539.378,2.409,713.0,2000.9166666666667
2000.0,12.0,539.371,1.85,700.0,2001.0
2001.0,1.0,539.603,2.789,685.0,2001.0833333333333
2001.0,2.0,538.617,2.143,598.0,2001.1666666666667
2001.0,3.0,538.413,2.613,628.0,2001.25
2001.0,4.0,537.514,3.507,592.0,2001.3333333333333
2001.0,5.0,535.811,6.341,608.0,2001.4166666666667
2001.0,6.0,546.79,1.31,380.0,2001.5
2001.0,7.0,546.48,2.58,587.0,2001.5833333333333
2001.0,8.0,538.57,3.023,155.0,2001.6666666666667
2001.0,9.0,545.82,2.61,690.0,2001.75
2001.0,10.0,545.81,3.42,693.0,2001.8333333333333
2001.0,11.0,546.77,3.41,522.0,2001.9166666666667
2001.0,12.0,547.3,3.45,268.0,2002.0
2002.0,1.0,548.64,5.28,27.0,2002.0833333333333
2002.0,2.0,548.78,8.31,334.0,2002.1666666666667
2002.0,3.0,547.17,3.95,514.0,2002.25
2002.0,4.0,544.78,6.98,580.0,2002.3333333333333
2002.0,5.0,545.46,4.88,665.0,2002.4166666666667
2002.0,6.0,546.1,1.77,681.0,2002.5
2002.0,7.0,545.71,1.2,708.0,2002.5833333333333
2002.0,8.0,546.68,1.31,736.0,2002.6666666666667
2002.0,9.0,547.57,1.48,713.0,2002.75
2002.0,10.0,546.93,1.5,720.0,2002.8333333333333
2002.0,11.0,544.12,1.66,706.0,2002.9166666666667
2002.0,12.0,543.91,1.63,707.0,2003.0
2003.0,1.0,543.01,1.89,643.0,2003.0833333333333
2003.0,2.0,543.55,1.38,473.0,2003.1666666666667
2003.0,3.0,542.88,1.46,460.0,2003.25
2003.0,4.0,542.41,1.2,682.0,2003.3333333333333
2003.0,5.0,540.73,1.32,619.0,2003.4166666666667
2003.0,8.0,545.07,1.43,294.0,2003.6666666666667
2003.0,9.0,544.61,1.42,642.0,2003.75
2003.0,10.0,544.81,1.58,691.0,2003.8333333333333
2003.0,11.0,544.51,2.08,695.0,2003.9166666666667
2003.0,12.0,544.15,2.27,729.0,2004.0
2004.0,1.0,543.58,1.97,660.0,2004.0833333333333
2004.0,2.0,544.06,1.84,657.0,2004.1666666666667
2004.0,3.0,543.64,2.02,682.0,2004.25
2004.0,4.0,543.73,1.64,699.0,2004.3333333333333
2004.0,5.0,543.07,1.57,605.0,2004.4166666666667
2004.0,7.0,543.61,1.94,291.0,2004.5833333333333
2004.0,8.0,543.24,1.95,702.0,2004.6666666666667
2004.0,9.0,543.3,2.77,632.0,2004.75
2004.0,10.0,543.45,2.33,583.0,2004.8333333333333
2004.0,11.0,543.01,1.36,592.0,2004.9166666666667
2004.0,12.0,542.84,1.67,708.0,2005.0
2005.0,1.0,542.78,1.69,607.0,2005.0833333333333
2005.0,2.0,542.74,2.23,600.0,2005.1666666666667
2005.0,3.0,542.28,1.74,625.0,2005.25
2005.0,4.0,542.24,1.32,670.0,2005.3333333333333
2005.0,5.0,542.36,1.72,644.0,2005.4166666666667
2005.0,6.0,542.21,2.0,145.0,2005.5
2005.0,7.0,543.07,1.19,576.0,2005.5833333333333
2005.0,8.0,543.01,1.6,712.0,2005.6666666666667
2005.0,9.0,542.34,3.37,528.0,2005.75
2005.0,10.0,541.75,4.85,415.0,2005.8333333333333
2005.0,11.0,541.45,4.61,530.0,2005.9166666666667
2005.0,12.0,540.59,2.95,554.0,2006.0
2006.0,1.0,539.75,1.45,673.0,2006.0833333333333
2006.0,2.0,540.23,2.19,585.0,2006.1666666666667
2006.0,3.0,539.96,3.1,566.0,2006.25
2006.0,4.0,540.4,2.44,599.0,2006.3333333333333
2006.0,5.0,540.69,4.16,543.0,2006.4166666666667
2006.0,6.0,539.78,3.49,648.0,2006.5
2006.0,7.0,540.47,2.85,46.0,2006.5833333333333
2007.0,11.0,536.58,1.35,435.0,2007.9166666666667
2007.0,12.0,536.64,1.24,522.0,2008.0
2008.0,1.0,536.13,1.13,702.0,2008.0833333333333
2008.0,2.0,535.64,1.19,649.0,2008.1666666666667
2008.0,3.0,535.21,1.27,706.0,2008.25
2008.0,4.0,535.27,1.06,708.0,2008.3333333333333
2008.0,5.0,535.03,0.96,720.0,2008.4166666666667
2008.0,6.0,534.85,1.01,716.0,2008.5
2008.0,7.0,534.74,1.01,735.0,2008.5833333333333
2008.0,8.0,534.62,0.94,691.0,2008.6666666666667
2008.0,9.0,534.28,1.04,621.0,2008.75
2008.0,10.0,533.96,1.09,695.0,2008.8333333333333
2008.0,11.0,534.3,1.04,580.0,2008.9166666666667
2008.0,12.0,534.09,1.03,708.0,2009.0
2009.0,1.0,533.58,1.24,722.0,2009.0833333333333
2009.0,2.0,533.49,1.18,618.0,2009.1666666666667
2009.0,3.0,533.15,1.01,698.0,2009.25
2009.0,4.0,532.97,1.05,662.0,2009.3333333333333
2009.0,5.0,532.42,0.95,706.0,2009.4166666666667
2009.0,6.0,532.26,0.97,690.0,2009.5
2009.0,7.0,532.24,1.11,737.0,2009.5833333333333
2009.0,8.0,532.24,1.05,723.0,2009.6666666666667
2009.0,9.0,532.23,1.08,675.0,2009.75
2009.0,10.0,531.94,1.35,627.0,2009.8333333333333
2009.0,11.0,531.9,1.08,714.0,2009.9166666666667
2009.0,12.0,531.65,1.18,521.0,2010.0
2010.0,1.0,531.64,1.22,546.0,2010.0833333333333
2010.0,2.0,531.2,1.19,376.0,2010.1666666666667
2010.0,3.0,531.06,1.17,672.0,2010.25
2010.0,4.0,530.97,1.16,705.0,2010.3333333333333
2010.0,5.0,530.71,1.04,718.0,2010.4166666666667
2010.0,6.0,530.71,1.06,715.0,2010.5
2010.0,7.0,530.18,1.0,709.0,2010.5833333333333
2010.0,8.0,529.86,1.2,734.0,2010.6666666666667
2010.0,9.0,529.72,1.14,699.0,2010.75
2010.0,10.0,529.53,1.35,730.0,2010.8333333333333
2010.0,11.0,529.26,1.27,712.0,2010.9166666666667
2010.0,12.0,529.09,1.41,661.0,2011.0
2011.0,1.0,528.45,1.52,693.0,2011.0833333333333
2011.0,2.0,528.09,1.76,644.0,2011.1666666666667
2011.0,3.0,527.79,1.64,567.0,2011.25
2011.0,4.0,527.42,1.41,644.0,2011.3333333333333
2011.0,5.0,527.4,1.34,381.0,2011.4166666666667
2011.0,6.0,526.83,1.32,291.0,2011.5
2011.0,7.0,526.41,1.4,366.0,2011.5833333333333
2011.0,8.0,526.2,1.91,651.0,2011.6666666666667
2011.0,9.0,525.95,1.84,692.0,2011.75
2011.0,10.0,526.21,1.98,723.0,2011.8333333333333
2011.0,11.0,525.8,2.04,572.0,2011.9166666666667
2011.0,12.0,525.39,1.68,622.0,2012.0
2012.0,1.0,525.59,1.8,350.0,2012.0833333333333
2012.0,3.0,524.44,1.35,304.0,2012.25
2012.0,4.0,524.46,1.12,687.0,2012.3333333333333
2012.0,5.0,524.13,1.02,735.0,2012.4166666666667
2012.0,6.0,523.98,1.26,653.0,2012.5
2012.0,7.0,523.9,1.36,623.0,2012.5833333333333
2012.0,8.0,523.88,1.24,736.0,2012.6666666666667
2012.0,9.0,524.08,0.83,690.0,2012.75
2012.0,10.0,523.67,1.83,499.0,2012.8333333333333
2012.0,11.0,523.52,2.48,494.0,2012.9166666666667
2012.0,12.0,523.11,1.38,554.0,2013.0
2013.0,1.0,523.94,0.86,653.0,2013.0833333333333
2013.0,2.0,523.58,0.58,545.0,2013.1666666666667
2013.0,3.0,522.6,2.79,514.0,2013.25
2013.0,4.0,521.86,1.73,665.0,2013.3333333333333
2013.0,5.0,521.78,0.81,421.0,2013.4166666666667
2013.0,6.0,521.91,0.86,721.0,2013.5
2013.0,7.0,521.8,0.96,613.0,2013.5833333333333
2013.0,8.0,521.45,0.79,733.0,2013.6666666666667
2013.0,9.0,521.17,3.54,593.0,2013.75
2013.0,10.0,520.7,3.54,706.0,2013.8333333333333
2013.0,11.0,520.55,1.95,671.0,2013.9166666666667
2013.0,12.0,520.26,2.58,268.0,2014.0
2014.0,1.0,519.59,2.68,339.0,2014.0833333333333
2014.0,2.0,520.58,2.01,384.0,2014.1666666666667
2014.0,3.0,520.61,1.88,330.0,2014.25
2014.0,4.0,519.37,1.72,560.0,2014.3333333333333
2014.0,5.0,519.03,1.59,742.0,2014.4166666666667
2014.0,6.0,518.76,0.95,662.0,2014.5
2014.0,7.0,518.64,0.89,729.0,2014.5833333333333
2014.0,8.0,518.37,0.71,732.0,2014.6666666666667
2014.0,9.0,518.27,0.82,361.0,2014.75
2014.0,10.0,518.03,0.9,712.0,2014.8333333333333
2014.0,11.0,517.75,1.12,659.0,2014.9166666666667
2014.0,12.0,517.37,1.17,639.0,2015.0
2015.0,1.0,516.91,0.89,663.0,2015.0833333333333
2015.0,2.0,516.36,1.0,599.0,2015.1666666666667
2015.0,3.0,516.41,1.06,715.0,2015.25
2015.0,4.0,516.2,0.92,708.0,2015.3333333333333
2015.0,5.0,516.04,0.78,521.0,2015.4166666666667
2015.0,6.0,515.71,0.79,568.0,2015.5
2015.0,7.0,515.38,1.58,29.0,2015.5833333333333
2015.0,8.0,514.61,1.42,358.0,2015.6666666666667
2015.0,9.0,515.0,1.49,652.0,2015.75
2015.0,10.0,515.22,1.27,706.0,2015.8333333333333
2015.0,11.0,515.25,1.43,397.0,2015.9166666666667
2016.0,3.0,512.65,1.74,600.0,2016.25
2016.0,4.0,512.15,1.57,337.0,2016.3333333333333
2016.0,6.0,511.73,1.07,201.0,2016.5
2016.0,7.0,511.09,5.28,222.0,2016.5833333333333
2016.0,8.0,510.58,1.8,485.0,2016.6666666666667
2016.0,9.0,510.63,1.92,635.0,2016.75
2016.0,10.0,510.78,1.71,682.0,2016.8333333333333
2016.0,11.0,510.0,2.13,589.0,2016.9166666666667
2016.0,12.0,509.61,0.89,675.0,2017.0
2017.0,1.0,508.9,0.95,633.0,2017.0833333333333
2017.0,2.0,508.73,1.12,555.0,2017.1666666666667
2017.0,3.0,508.1,1.32,518.0,2017.25
2017.0,4.0,507.88,1.38,358.0,2017.3333333333333
2017.0,5.0,507.87,1.51,363.0,2017.4166666666667
2017.0,6.0,508.42,1.38,354.0,2017.5
2017.0,7.0,506.77,1.11,138.0,2017.5833333333333
2017.0,10.0,507.89,0.72,118.0,2017.8333333333333
2017.0,11.0,507.75,0.77,682.0,2017.9166666666667
2017.0,12.0,507.74,0.65,647.0,2018.0
2018.0,1.0,507.63,0.66,699.0,2018.0833333333333
2018.0,2.0,507.41,0.6,620.0,2018.1666666666667
2018.0,3.0,507.08,0.79,690.0,2018.25
2018.0,4.0,506.62,0.92,705.0,2018.3333333333333
2018.0,5.0,506.19,1.07,739.0,2018.4166666666667
2018.0,6.0,505.81,1.09,686.0,2018.5
2018.0,7.0,505.32,1.35,352.0,2018.5833333333333
2018.0,8.0,504.83,0.79,212.0,2018.6666666666667
2018.0,9.0,504.28,1.43,528.0,2018.75
2018.0,10.0,504.05,4.88,133.0,2018.8333333333333
2018.0,11.0,504.51,4.2,241.0,2018.9166666666667
2018.0,12.0,504.7,3.56,118.0,2019.0
